births <-
structure(list(id = c(1, 2, 3, 4, 5, 6, 7, 8, 9, 10, 11, 12, 
13, 14, 15, 16, 17, 18, 19, 20, 21, 22, 23, 24, 25, 26, 27, 28, 
29, 30, 31, 32, 33, 34, 35, 36, 37, 38, 39, 40, 41, 42, 43, 44, 
45, 46, 47, 48, 49, 50, 51, 52, 53, 54, 55, 56, 57, 58, 59, 60, 
61, 62, 63, 64, 65, 66, 67, 68, 69, 70, 71, 72, 73, 74, 75, 76, 
77, 78, 79, 80, 81, 82, 83, 84, 85, 86, 87, 88, 89, 90, 91, 92, 
93, 94, 95, 96, 97, 98, 99, 100, 101, 102, 103, 104, 105, 106, 
107, 108, 109, 110, 111, 112, 113, 114, 115, 116, 117, 118, 119, 
120, 121, 122, 123, 124, 125, 126, 127, 128, 129, 130, 131, 132, 
133, 134, 135, 136, 137, 138, 139, 140, 141, 142, 143, 144, 145, 
146, 147, 148, 149, 150, 151, 152, 153, 154, 155, 156, 157, 158, 
159, 160, 161, 162, 163, 164, 165, 166, 167, 168, 169, 170, 171, 
172, 173, 174, 175, 176, 177, 178, 179, 180, 181, 182, 183, 184, 
185, 186, 187, 188, 189, 190, 191, 192, 193, 194, 195, 196, 197, 
198, 199, 200, 201, 202, 203, 204, 205, 206, 207, 208, 209, 210, 
211, 212, 213, 214, 215, 216, 217, 218, 219, 220, 221, 222, 223, 
224, 225, 226, 227, 228, 229, 230, 231, 232, 233, 234, 235, 236, 
237, 238, 239, 240, 241, 242, 243, 244, 245, 246, 247, 248, 249, 
250, 251, 252, 253, 254, 255, 256, 257, 258, 259, 260, 261, 262, 
263, 264, 265, 266, 267, 268, 269, 270, 271, 272, 273, 274, 275, 
276, 277, 278, 279, 280, 281, 282, 283, 284, 285, 286, 287, 288, 
289, 290, 291, 292, 293, 294, 295, 296, 297, 298, 299, 300, 301, 
302, 303, 304, 305, 306, 307, 308, 309, 310, 311, 312, 313, 314, 
315, 316, 317, 318, 319, 320, 321, 322, 323, 324, 325, 326, 327, 
328, 329, 330, 331, 332, 333, 334, 335, 336, 337, 338, 339, 340, 
341, 342, 343, 344, 345, 346, 347, 348, 349, 350, 351, 352, 353, 
354, 355, 356, 357, 358, 359, 360, 361, 362, 363, 364, 365, 366, 
367, 368, 369, 370, 371, 372, 373, 374, 375, 376, 377, 378, 379, 
380, 381, 382, 383, 384, 385, 386, 387, 388, 389, 390, 391, 392, 
393, 394, 395, 396, 397, 398, 399, 400, 401, 402, 403, 404, 405, 
406, 407, 408, 409, 410, 411, 412, 413, 414, 415, 416, 417, 418, 
419, 420, 421, 422, 423, 424, 425, 426, 427, 428, 429, 430, 431, 
432, 433, 434, 435, 436, 437, 438, 439, 440, 441, 442, 443, 444, 
445, 446, 447, 448, 449, 450, 451, 452, 453, 454, 455, 456, 457, 
458, 459, 460, 461, 462, 463, 464, 465, 466, 467, 468, 469, 470, 
471, 472, 473, 474, 475, 476, 477, 478, 479, 480, 481, 482, 483, 
484, 485, 486, 487, 488, 489, 490, 491, 492, 493, 494, 495, 496, 
497, 498, 499, 500), bweight = c(2974, 3270, 2620, 3751, 3200, 
3673, 3628, 3773, 3960, 3405, 4020, 2724, 3001, 3039, 3662, 3035, 
3351, 3804, 3573, 3283, 2894, 1203, 3306, 3753, 2844, 3585, 3798, 
3164, 3739, 1780, 4022, 3942, 2887, 2391, 3911, 3509, 3566, 3652, 
3279, 3007, 3053, 3503, 3120, 3743, 3592, 3184, 3234, 2581, 3305, 
3678, 3542, 2148, 3774, 3079, 3465, 2887, 4501, 3375, 3886, 2849, 
2002, 2213, 2797, 3303, 3296, 2921, 2929, 3385, 1946, 3354, 3189, 
3392, 2696, 2597, 3409, 3190, 3571, 4512, 2215, 3315, 3341, 3451, 
3338, 2507, 3316, 4141, 4071, 2893, 3064, 3603, 3554, 4027, 2418, 
3092, 2671, 3430, 3244, 3259, 3942, 3576, 3784, 2796, 3226, 3138, 
3715, 3773, 2623, 2830, 3332, 2911, 2894, 3593, 2950, 3605, 3198, 
3183, 2487, 2092, 3932, 3995, 3592, 4092, 1663, 1546, 3149, 3062, 
3467, 2610, 3261, 2926, 3727, 3545, 3423, 2959, 3879, 2935, 3552, 
2764, 4069, 3267, 3178, 628, 3288, 3233, 3985, 3676, 2579, 3461, 
2990, 2995, 2922, 3449, 3292, 3621, 3636, 3471, 3360, 2338, 3567, 
3007, 2740, 2428, 3027, 3261, 1999, 3117, 2751, 3824, 2762, 4057, 
3501, 3503, 3001, 1791, 3582, 3575, 3117, 3260, 2704, 2545, 1019, 
2609, 2127, 3126, 3606, 2257, 3051, 3146, 3696, 1402, 2539, 3550, 
2252, 2842, 2679, 3526, 3184, 3180, 3561, 2698, 4131, 1880, 3807, 
3005, 3448, 4340, 3518, 3296, 2505, 3188, 3109, 3134, 2992, 708, 
3571, 3463, 1741, 4122, 3141, 2328, 2404, 3079, 2837, 3216, 2951, 
981, 3882, 3385, 2545, 3096, 3138, 3341, 2768, 3367, 3768, 3486, 
2913, 4436, 3943, 3009, 3041, 3099, 3647, 2698, 3078, 3976, 2729, 
3254, 3163, 3919, 2718, 3269, 693, 2879, 2590, 3311, 2831, 2991, 
2699, 3695, 3250, 1570, 3554, 4205, 3694, 3505, 3023, 3723, 2482, 
2622, 3558, 2090, 3446, 2938, 864, 1764, 3096, 3003, 3197, 3664, 
1618, 3059, 2360, 2961, 3323, 2982, 2974, 4423, 3105, 2446, 3590, 
3450, 3291, 2866, 2802, 2953, 3379, 3386, 3770, 2188, 3813, 3576, 
3290, 3502, 3591, 3734, 2989, 3546, 3783, 3754, 2297, 1500, 1595, 
3376, 3349, 3727, 2719, 3365, 4553, 3007, 1801, 3451, 3249, 3092, 
2646, 3739, 3767, 924, 3428, 3004, 3625, 2804, 2274, 3075, 2699, 
2605, 1325, 2736, 3192, 3184, 2855, 3392, 3040, 3249, 3156, 2606, 
2859, 2558, 2905, 3331, 3730, 3683, 3398, 3435, 4319, 4179, 1431, 
3154, 2914, 3646, 3980, 3399, 3621, 2659, 2890, 2425, 2694, 3804, 
2784, 1541, 3282, 3695, 2769, 3286, 2744, 3193, 2666, 3102, 3333, 
2924, 1824, 3045, 2943, 3425, 2863, 3024, 4287, 3207, 3090, 3257, 
3370, 3200, 4226, 3160, 2732, 2977, 2968, 3562, 3316, 3482, 2969, 
4035, 3704, 3082, 3404, 3041, 3519, 3432, 3733, 2622, 2497, 2797, 
3337, 2407, 3383, 3134, 3559, 3516, 3497, 3350, 2969, 3851, 2697, 
2801, 2362, 2978, 3082, 3545, 1874, 3140, 3457, 3093, 2353, 3184, 
3222, 2944, 3179, 3463, 1324, 3064, 3581, 2399, 3830, 3376, 2098, 
3601, 3386, 3122, 3551, 2944, 4224, 2719, 4133, 2885, 3042, 4197, 
3419, 3294, 4304, 3306, 3102, 4041, 4182, 2949, 3757, 3486, 3770, 
3087, 4300, 3122, 3337, 3565, 3611, 4516, 3718, 1938, 2878, 2639, 
2417, 2963, 2843, 2595, 3455, 3061, 3095, 2552, 3409, 3152, 3172, 
3237, 3948, 3542, 3322, 3349, 2968, 2852, 3187, 3054, 3178, 2918
), lowbw = c(0, 0, 0, 0, 0, 0, 0, 0, 0, 0, 0, 0, 0, 0, 0, 0, 
0, 0, 0, 0, 0, 1, 0, 0, 0, 0, 0, 0, 0, 1, 0, 0, 0, 1, 0, 0, 0, 
0, 0, 0, 0, 0, 0, 0, 0, 0, 0, 0, 0, 0, 0, 1, 0, 0, 0, 0, 0, 0, 
0, 0, 1, 1, 0, 0, 0, 0, 0, 0, 1, 0, 0, 0, 0, 0, 0, 0, 0, 0, 1, 
0, 0, 0, 0, 0, 0, 0, 0, 0, 0, 0, 0, 0, 1, 0, 0, 0, 0, 0, 0, 0, 
0, 0, 0, 0, 0, 0, 0, 0, 0, 0, 0, 0, 0, 0, 0, 0, 1, 1, 0, 0, 0, 
0, 1, 1, 0, 0, 0, 0, 0, 0, 0, 0, 0, 0, 0, 0, 0, 0, 0, 0, 0, 1, 
0, 0, 0, 0, 0, 0, 0, 0, 0, 0, 0, 0, 0, 0, 0, 1, 0, 0, 0, 1, 0, 
0, 1, 0, 0, 0, 0, 0, 0, 0, 0, 1, 0, 0, 0, 0, 0, 0, 1, 0, 1, 0, 
0, 1, 0, 0, 0, 1, 0, 0, 1, 0, 0, 0, 0, 0, 0, 0, 0, 1, 0, 0, 0, 
0, 0, 0, 0, 0, 0, 0, 0, 1, 0, 0, 1, 0, 0, 1, 1, 0, 0, 0, 0, 1, 
0, 0, 0, 0, 0, 0, 0, 0, 0, 0, 0, 0, 0, 0, 0, 0, 0, 0, 0, 0, 0, 
0, 0, 0, 0, 0, 1, 0, 0, 0, 0, 0, 0, 0, 0, 1, 0, 0, 0, 0, 0, 0, 
1, 0, 0, 1, 0, 0, 1, 1, 0, 0, 0, 0, 1, 0, 1, 0, 0, 0, 0, 0, 0, 
1, 0, 0, 0, 0, 0, 0, 0, 0, 0, 1, 0, 0, 0, 0, 0, 0, 0, 0, 0, 0, 
1, 1, 1, 0, 0, 0, 0, 0, 0, 0, 1, 0, 0, 0, 0, 0, 0, 1, 0, 0, 0, 
0, 1, 0, 0, 0, 1, 0, 0, 0, 0, 0, 0, 0, 0, 0, 0, 0, 0, 0, 0, 0, 
0, 0, 0, 0, 1, 0, 0, 0, 0, 0, 0, 0, 0, 1, 0, 0, 0, 1, 0, 0, 0, 
0, 0, 0, 0, 0, 0, 0, 1, 0, 0, 0, 0, 0, 0, 0, 0, 0, 0, 0, 0, 0, 
0, 0, 0, 0, 0, 0, 0, 0, 0, 0, 0, 0, 0, 0, 0, 0, 1, 0, 0, 1, 0, 
0, 0, 0, 0, 0, 0, 0, 0, 0, 1, 0, 0, 0, 1, 0, 0, 0, 1, 0, 0, 0, 
0, 0, 1, 0, 0, 1, 0, 0, 1, 0, 0, 0, 0, 0, 0, 0, 0, 0, 0, 0, 0, 
0, 0, 0, 0, 0, 0, 0, 0, 0, 0, 0, 0, 0, 0, 0, 0, 0, 0, 1, 0, 0, 
1, 0, 0, 0, 0, 0, 0, 0, 0, 0, 0, 0, 0, 0, 0, 0, 0, 0, 0, 0, 0, 
0),