blcaIT <-
structure(list(age = c(25, 25, 25, 25, 25, 30, 30, 30, 30, 30, 
35, 35, 35, 35, 35, 40, 40, 40, 40, 40, 45, 45, 45, 45, 45, 50, 
50, 50, 50, 50, 55, 55, 55, 55, 55, 60, 60, 60, 60, 60, 65, 65, 
65, 65, 65, 70, 70, 70, 70, 70, 75, 75, 75, 75, 75), period = c(1955, 
1960, 1965, 1970, 1975, 1955, 1960, 1965, 1970, 1975, 1955, 1960, 
1965, 1970, 1975, 1955, 1960, 1965, 1970, 1975, 1955, 1960, 1965, 
1970, 1975, 1955, 1960, 1965, 1970, 1975, 1955, 1960, 1965, 1970, 
1975, 1955, 1960, 1965, 1970, 1975, 1955, 1960, 1965, 1970, 1975, 
1955, 1960, 1965, 1970, 1975, 1955, 1960, 1965, 1970, 1975), 
    D = c(3, 3, 1, 4, 12, 16, 17, 11, 8, 8, 24, 29, 33, 39, 30, 
    79, 76, 82, 95, 115, 234, 185, 183, 267, 285, 458, 552, 450, 
    431, 723, 720, 867, 1069, 974, 1004, 890, 1230, 1550, 1840, 
    1811, 891, 1266, 1829, 2395, 3028, 920, 1243, 1584, 2292, 
    3176, 831, 937, 1285, 1787, 2659), Y = c(10000000, 10000000, 
    10000000, 10000000, 10000000, 9411765, 9444444, 9166667, 
    10000000, 8888889, 7500000, 9354839, 9428572, 9285715, 9375000, 
    7596154, 7238096, 9010989, 9134616, 9055118, 8181819, 7341270, 
    7011495, 8782895, 9018987, 6897591, 7852063, 6998445, 6671827, 
    8536009, 5664831, 6474981, 7326936, 6653006, 6129427, 4425659, 
    5129275, 5807419, 6678766, 6347704, 3651640, 3817853, 4342356, 
    5013607, 6011515, 2804023, 2937840, 2996028, 3472201, 4255091, 
    1824769, 1954527, 2070911, 2111046, 2551579)), .Names = c("age", 
"period", "D", "Y"), class = "data.frame", row.names = c("1", 
"2", "3", "4", "5", "6", "7", "8", "9", "10", "11", "12", "13", 
"14", "15", "16", "17", "18", "19", "20", "21", "22", "23", "24", 
"25", "26", "27", "28", "29", "30", "31", "32", "33", "34", "35", 
"36", "37", "38", "39", "40", "41", "42", "43", "44", "45", "46", 
"47", "48", "49", "50", "51", "52", "53", "54", "55"))
