brv <-
structure(list(id = c(48, 263, 49, 60, 63, 220, 156, 361, 409, 
492, 503, 40092, 882, 1017, 1026, 1273, 1359, 1659, 1721, 1710, 
1873, 24501, 1877, 1937, 1905, 2000, 2128, 2122, 2187, 2190, 
2529, 2526, 2723, 2548, 2647, 2924, 3027, 3174, 3334, 4114, 3583, 
3619, 5612, 3845, 3854, 4087, 4078, 4116, 4148, 4139, 4562, 4594, 
4597, 4939, 25933, 4940, 36841, 5008, 27479, 11220, 5012, 5042, 
5168, 5171, 5180, 7374, 5339, 33319, 5535, 5471, 17350, 5557, 
35397, 5571, 6344, 6308, 6383, 6391, 6551, 6559, 32647, 6570, 
6768, 6755, 19089, 6770, 6794, 6808, 6821, 6877, 7126, 7123, 
7448, 7735, 7823, 29008, 7932, 9979, 8947, 9088, 9324, 26189, 
9782, 9824, 20962, 36838, 9910, 10025, 31087, 10206, 10302, 12910, 
10390, 10654, 11039, 10729, 10745, 10757, 10994, 11275, 11052, 
11024, 11171, 11170, 11670, 12103, 21089, 38836, 12245, 12294, 
12261, 12258, 12509, 33826, 12970, 12996, 13715, 21482, 14067, 
14127, 14088, 14152, 14238, 14295, 14464, 14457, 14650, 14666, 
21173, 14769, 14783, 24669, 14894, 15573, 15576, 19183, 15747, 
15869, 15756, 17538, 16009, 15792, 15844, 15847, 15988, 16110, 
33858, 16168, 16182, 16179, 16189, 16195, 16194, 16191, 21184, 
16467, 16606, 16505, 16516, 16529, 16652, 16720, 16810, 16856, 
16827, 16835, 21889, 16865, 21907, 17086, 17189, 17198, 27337, 
17324, 17449, 17445, 17532, 17456, 17459, 17515, 17647, 17644, 
17724, 17915, 19931, 18077, 18286, 18277, 18282, 25898, 18401, 
18438, 18435, 18461, 18519, 18640, 19216, 19053, 34130, 19135, 
19253, 19247, 19317, 33275, 19679, 22437, 19691, 19724, 19749, 
19731, 19829, 19932, 20115, 20156, 20201, 23557, 20389, 20418, 
32570, 20513, 20750, 20708, 20959, 32627, 21765, 21087, 21100, 
21112, 21109, 21144, 21167, 22550, 21217, 27065, 21436, 31959, 
21885, 24128, 22278, 22910, 23069, 23250, 23238, 23334, 23354, 
23798, 32937, 24149, 25843, 24166, 24180, 24188, 24191, 24232, 
28863, 24264, 24265, 26459, 24313, 24752, 24389, 25004, 24392, 
24486, 33314, 24496, 35216, 24497, 24498, 36152, 24518, 24867, 
24567, 28860, 27143, 24579, 24646, 24640, 24641, 24809, 24985, 
24988, 25148, 25158, 25264, 25344, 25202, 25209, 25211, 25228, 
25284, 25297, 25643, 25576, 25698, 25923, 25920, 34050, 25922, 
26057, 26129, 26166, 26173, 26197, 26215, 26442, 31267, 26602, 
27037, 27123, 27108, 27273, 27539, 27314, 27332, 27429, 27432, 
27579, 27578, 27603, 27602, 27812, 28036, 28135, 28164, 28397, 
28422, 28546, 28568, 28571, 28915, 29055, 29121, 29176, 31476, 
29274, 29361, 29368, 29391, 29434, 29437, 29509, 34245, 29606, 
29663, 29866, 29870, 29873, 29891, 29888, 30110, 30072, 30077, 
30080, 30108, 30105, 30242, 30241, 30494, 30491, 30659, 31609, 
31577, 32197, 31907, 32175, 32174, 32422, 32468, 32434, 32520, 
33348, 33653, 33650, 33743, 33829, 38723, 37401, 38981), couple = c(1, 
2, 2, 3, 3, 4, 4, 5, 6, 6, 7, 8, 9, 10, 10, 11, 12, 13, 14, 14, 
15, 15, 16, 17, 17, 18, 19, 19, 20, 21, 22, 22, 23, 23, 24, 25, 
26, 27, 28, 28, 29, 30, 30, 31, 31, 32, 32, 33, 34, 34, 35, 36, 
36, 37, 37, 38, 38, 39, 39, 40, 40, 41, 42, 42, 43, 44, 45, 45, 
46, 46, 47, 47, 48, 48, 49, 49, 50, 50, 51, 51, 52, 52, 53, 53, 
54, 54, 55, 56, 57, 58, 59, 59, 60, 61, 62, 63, 63, 64, 64, 65, 
66, 66, 67, 68, 68, 69, 69, 70, 70, 71, 72, 72, 73, 74, 74, 75, 
76, 76, 77, 77, 78, 78, 79, 79, 80, 81, 81, 82, 83, 83, 84, 84, 
85, 86, 87, 87, 88, 89, 90, 90, 91, 91, 92, 93, 93, 94, 95, 96, 
96, 97, 98, 99, 99, 100, 100, 101, 102, 103, 103, 104, 105, 105, 
106, 106, 107, 108, 109, 109, 110, 110, 111, 111, 112, 112, 113, 
114, 114, 115, 116, 117, 117, 118, 119, 120, 120, 121, 121, 122, 
122, 123, 124, 125, 126, 126, 127, 128, 128, 129, 129, 130, 131, 
131, 132, 133, 134, 134, 135, 135, 136, 136, 137, 138, 138, 139, 
140, 141, 142, 142, 143, 144, 144, 145, 146, 147, 147, 148, 148, 
149, 150, 150, 151, 152, 153, 154, 155, 156, 156, 157, 158, 158, 
159, 159, 160, 160, 161, 162, 163, 164, 164, 165, 166, 166, 167, 
168, 169, 170, 170, 171, 172, 173, 173, 174, 174, 175, 175, 176, 
176, 177, 178, 178, 179, 180, 180, 181, 181, 182, 183, 184, 184, 
185, 185, 186, 186, 187, 188, 188, 189, 189, 190, 190, 191, 192, 
193, 193, 194, 194, 195, 195, 196, 197, 198, 198, 199, 200, 200, 
201, 201, 202, 202, 203, 204, 205, 206, 207, 207, 208, 208, 209, 
209, 210, 211, 212, 213, 213, 214, 215, 216, 217, 218, 219, 219, 
220, 221, 221, 222, 223, 223, 224, 224, 225, 225, 226, 227, 228, 
229, 230, 231, 232, 233, 233, 234, 235, 236, 237, 238, 238, 239, 
239, 240, 241, 241, 242, 242, 243, 244, 245, 246, 247, 248, 248, 
249, 249, 250, 250, 251, 251, 252, 252, 253, 253, 254, 255, 255, 
256, 256, 257, 257, 258, 259, 259, 260, 261, 262, 262, 263, 264, 
265, 265, 266),