diet <-
structure(list(id = c(102, 59, 126, 16, 247, 272, 268, 206, 182, 
2, 139, 221, 127, 118, 225, 222, 146, 273, 224, 145, 307, 30, 
74, 212, 26, 147, 311, 192, 23, 190, 183, 55, 155, 31, 22, 81, 
227, 267, 60, 47, 333, 103, 42, 304, 289, 120, 72, 25, 78, 97, 
131, 228, 249, 54, 173, 233, 246, 326, 193, 29, 200, 65, 232, 
9, 11, 322, 14, 299, 309, 122, 305, 323, 198, 6, 79, 319, 166, 
86, 234, 1, 201, 151, 163, 80, 335, 186, 132, 76, 92, 242, 265, 
258, 133, 288, 94, 150, 284, 4, 229, 214, 109, 5, 253, 104, 196, 
138, 184, 117, 241, 13, 15, 216, 202, 243, 140, 283, 278, 33, 
251, 252, 115, 259, 263, 276, 90, 240, 336, 297, 144, 316, 301, 
281, 197, 250, 260, 38, 160, 264, 215, 156, 325, 87, 19, 315, 
290, 178, 207, 238, 177, 21, 314, 332, 57, 320, 161, 220, 50, 
291, 293, 317, 334, 70, 158, 194, 40, 154, 45, 279, 64, 89, 130, 
135, 199, 245, 73, 165, 275, 116, 96, 56, 124, 313, 91, 237, 
34, 324, 129, 269, 280, 136, 119, 82, 107, 68, 58, 61, 205, 337, 
77, 3, 254, 7, 168, 32, 244, 62, 172, 69, 303, 261, 171, 114, 
46, 105, 159, 219, 134, 180, 35, 128, 48, 169, 83, 121, 8, 112, 
24, 170, 204, 141, 226, 203, 123, 63, 49, 20, 296, 111, 175, 
195, 137, 292, 331, 51, 318, 295, 18, 329, 17, 248, 152, 37, 
149, 28, 286, 36, 53, 41, 44, 223, 287, 27, 298, 67, 39, 271, 
210, 306, 88, 188, 256, 262, 95, 174, 217, 257, 71, 328, 99, 
327, 231, 185, 236, 66, 100, 12, 239, 211, 209, 106, 208, 93, 
235, 10, 255, 294, 98, 148, 274, 266, 218, 285, 302, 179, 213, 
330, 43, 110, 312, 277, 75, 52, 162, 310, 85, 308, 157, 84, 176, 
108, 191, 101, 187, 300, 143, 270, 321, 189, 153, 282, 113, 142, 
125, 230, 181, 164, 167), doe = structure(c(2207, 1292, 75, -230, 
-656, -291, -319, -1080, 440, 1811, 2266, -1049, 46, -350, -1021, 
-1049, -138, -291, -1021, -138, 46, -169, 228, -1049, -169, -138, 
289, -1141, -381, -1141, 440, 1292, -46, -138, -350, 350, -990, 
-319, 1231, -291, 532, 1231, 1050, 15, 320, 927, 320, -381, 320, 
1842, 1781, -990, -746, 927, 350, -990, -776, 532, -1080, -199, 
-1111, 75, -960, -319, 1750, 532, -16, -16, 46, 927, 15, 532, 
-1111, 1901, 1262, 501, 167, 350, -960, 1689, -1111, -107, 289, 
289, 562, 2450, 1962, 320, 440, -929, -319, -715, 1993, 289, 
412, 75, 75, 2085, -960, -776, 1201, 2085, -715, 15, -1111, 75, 
1781, -350, -899, 1720, 866, -807, -1049, -929, 2266, 75, -260, 
-230, -684, -776, -350, -746, -319, -291, 46, -899, 593, 15, 
1201, 501, 15, -260, -1080, -746, -656, -199, 106, -319, -776, 
167, 532, 440, -319, 501, 320, 2327, -1080, -960, 2297, 1262, 
501, 532, 136, 501, 136, -1080, -199, 320, -16, 501, 562, -46, 
197, -1141, 1170, -46, 866, -260, -77, 412, 2115, 866, -1111, 
-746, 289, 289, -291, -411, 1842, 1292, 1050, 501, 412, -837, 
-260, 532, 46, -291, -260, 1384, 958, 350, 897, -77, 1901, -199, 
-1080, 593, 1262, 2146, -746, -411, 259, -230, -746, -77, 320, 
-77, 15, -715, 2327, 1262, 866, -381, 136, -1080, 1292, 2054, 
-350, 46, -319, 259, 289, 927, 1962, -16, -381, 350, -1080, 2297, 
-1021, -1111, 1050, -77, -230, -319, -16, 15, 2388, -1141, 2146, 
320, 685, -319, 654, -16, -319, 532, -319, -776, -46, -199, 197, 
-138, 289, -381, 958, 1111, 927, -1049, 289, -169, -16, -77, 
-199, -291, -1080, 15, 2054, -1141, -746, -715, 440, 320, -899, 
-684, -46, 532, 1781, 532, -960, 1901, -960, 15, 2266, 1658, 
-960, -1049, -1080, 897, -1080, 532, -960, 1658, -746, -16, 1901, 
-138, -291, -319, -899, 75, 15, 440, -1049, 532, 1170, 106, 289, 
-291, 289, 1050, 381, 75, 381, 46, 136, 350, 412, 927, -1141, 
2207, -1141, 46, 2085, -291, 501, -1141, -46, 75, 15, 2115, 1019, 
-960, 2054, 259, 167), class = "Date"), dox = structure(c(6179, 
4568, 5192, -1, 3462, 1442, 6179, 6179, 2399, 6179, 6179, 4915, 
6179, 1182, 6179, 4574, 6179, 5109, 732, 4336, 6179, 6179, 6179, 
5270, 6179, 3687, 1574, 5922, 1431, 6179, 5794, 4513, 6179, 6179, 
1391, 6179, 6179, 5133, 3179, 6179, 6179, 4401, 5664, 5662, 649, 
5306, 6179, -276, 2372, 6179, 3468, 5626, 2130, 6006, 6179, 4832, 
5737, 6179, 4523, 5437, 6179, 6179, 6179, 740, 5211, 6179, 6179, 
6179, 3982, 5177, 561, 6179, 6179, 3165, 4582, 6179, 6179, 6179, 
4386, 6179, -490, 6179, 5172, 6179, 6179, 6179, 6179, 6179, 6179, 
2737, 5707, 5794, 6179, 6179, 6179, 4554, 6179, 6179, 3564, 6179, 
4807, 5934, 6179, 6179, -222, 6179, 6179, 4629, 6179, 5160, 6076, 
5619, 6179, 4393, 4723, 6179, 1330, 3386, 6179, 3417, 3953, 5313, 
6179, 6179, 4122, 1930, 6179, 6179, 4875, 6179, 6179, 6025, 56, 
6179, 6179, 6179, 3468, 5975, 6179, 6179, 6179, 6179, 2262, 6179, 
6179, 6179, 6179, 2737, 6179, 4577, 6179, 6179, 6179, 6179, 3628, 
6179, 6179, 6179, 6179, 6025, 6179, 6179, 402, 2312, 2450, 6179, 
5375, 6179, 6179, 4048, 6179, 3164, 2851, 6179, 6179, 2007, 6179, 
4983, 6179, 3906, 2089, 6179, 4779, 6179, 2556, 2167, 6179, 6179, 
5294, 5616, 4688, 6179, 6026, 6179, 6179, 6179, 4818, 6179, 1840, 
6179, 6179, 6179, 6179, 3974, 5135, 1520, 6179, 6179, 6179, 546, 
5499, 4655, 4953, 2982, 6179, 6179, 5413, 5137, -123, 6179, 6179, 
6179, 6179, 5766, 6179, 6179, 1252, 6179, 6179, 6179, 6142, 6179, 
4411, 6179, 4438, 3647, 6179, 4253, 6179, 6179, 5800, 6179, 6179, 
5875, 6179, 6179, 2989, 5519, 1840, 546, 6179, 6179, 6179, 3260, 
6179, 1656, 5517, 5596, 5400, 6179, 6179, 6179, 6179, 6179, 1429, 
6179, 5745, 6179, 6179, 6179, 6179, 4392, 6179, 5665, 6179, 6179, 
6179, 6179, 6179, 6179, 6179, 6179, 3468, 6179, 6179, 5328, 6179, 
4981, 6179, 6179, 5432, 5970, 1642, 5249, 6179, 6179, 6179, 6179, 
6179, 808, 6179, 6179, 6179, 6179, 6179, 3833, 4627, 6179, 6179, 
6179, 6179, 4959, 6179, 6132, 6179, 5946, 6179, 6179, 6179, 5630, 
5550, 6179, 6179, 5678, 4363, 6179, 6179, 5964, 6179, 4082, 6179, 
6179, 6123, 6179, 6094, 2737, 6179), class = "Date"),