# England and Wales Rates from lung cancer, nasal cancer, and all causes
# 1936 - 1980. From Breslow and Day, Vol II, Appendix IX.
	
ew.lung <- structure(
.Data = c(1, 2, 6, 14, 30, 68, 149, 274, 431, 586, 646, 636, 533, 464,
324, 1, 2, 6, 16, 34, 81, 191, 384, 597, 883, 1021, 970, 748, 631, 385, 
1, 3, 8, 18, 36, 94, 236, 544, 954, 1350, 1717, 1763, 1400, 1085, 765, 
0, 2, 7, 13, 35, 98, 248, 579, 1224, 2003, 2555, 2926, 2624, 2069, 1416,
0, 2, 4, 12, 35, 93, 251, 590, 1248, 2317, 3315, 3926, 3878, 3332, 2258,
0, 2, 5, 11, 34, 90, 223, 563, 1221, 2284, 3663, 4844, 4977, 4513, 3417,
0, 2, 4, 10, 25, 76, 216, 531, 1160, 2201, 3695, 5273, 6210, 5914, 4563,
0, 1, 4, 10, 24, 58, 177, 503, 1070, 2077, 3546, 5174, 6820, 7273, 6089,
0, 1, 2, 7, 17, 56, 139, 403, 1003, 1896, 3342, 4985, 6718, 8068, 7744),
.Dim = c(15, 9), .Dimnames = list(c("10 - 14", "15 - 19", "20 - 24", 
"25 - 29", "30 - 34", "35 - 39", "40 - 44", "45 - 49", "50 - 54", 
"55 - 59", "60 - 64", "65 - 69", "70 - 74", "75 - 79", "80 - 84"), c(
"1936 - 1940", "1941 - 1945", "1946 - 1950", "1951 - 1955", 
"1956 - 1960", "1961 - 1965", "1966 - 1970", "1971 - 1975", 
"1976 - 1980")))
ew.nasal <- structure(
.Data = c(0, 0, 0, 0, 1, 1, 3, 5, 10, 15, 16, 19, 27, 48, 47, 0, 0, 0,
0, 1, 1, 3, 5, 10, 15, 16, 19, 27, 48, 47, 0, 0, 0, 0, 1, 1, 3, 5, 10, 
15, 16, 19, 27, 48, 47, 0, 0, 0, 0, 1, 1, 3, 5, 10, 15, 16, 19, 27, 48, 
47, 0, 0, 0, 0, 1, 1, 3, 3, 6, 12, 17, 24, 28, 43, 50, 0, 0, 0, 0, 0, 1,
3, 4, 8, 9, 14, 18, 26, 41, 42, 0, 0, 0, 0, 0, 1, 2, 5, 7, 11, 16, 23, 
29, 36, 31, 0, 0, 0, 1, 1, 1, 4, 4, 8, 11, 16, 26, 29, 33, 38, 0, 0, 0, 
1, 1, 1, 2, 3, 9, 9, 15, 17, 20, 38, 33), .Dim = c(15, 9), .Dimnames = 
list(c("10 - 14", "15 - 19", "20 - 24", "25 - 29", "30 - 34", "35 - 39",
"40 - 44", "45 - 49", "50 - 54", "55 - 59", "60 - 64", "65 - 69", 
"70 - 74", "75 - 79", "80 - 84"), c("1936 - 1940", "1941 - 1945", 
"1946 - 1950", "1951 - 1955", "1956 - 1960", "1961 - 1965", 
"1966 - 1970", "1971 - 1975", "1976 - 1980")))
ew.all <- structure(
.Data = c(1270, 2203, 3122, 3038, 3219, 4234, 5803, 8605, 13514, 
20101, 30695, 45814, 73444, 120915, 183712, 1195, 2223, 3703, 3191, 
3123, 3631, 5035, 7664, 11860, 18522, 28227, 42833, 64278, 104395, 
161959, 691, 1197, 1597, 1805, 2027, 2588, 3882, 6703, 10719, 17423, 
28020, 41767, 64563, 101751, 157771, 480, 860, 1237, 1266, 1510, 2107, 
3249, 5710, 10456, 17428, 28435, 44500, 68059, 108090, 166158, 403, 877,
1120, 1062, 1264, 1895, 3049, 5260, 9550, 17270, 27884, 43487, 67418, 
103261, 161489, 407, 951, 1103, 1008, 1218, 1855, 3048, 5333, 9327, 
16533, 28089, 44194, 67547, 102346, 157935, 389, 961, 975, 929, 1121, 
1693, 3030, 5307, 9255, 15878, 26829, 43953, 67717, 100781, 143567, 346,
876, 987, 887, 1073, 1583, 2851, 5293, 9096, 15292, 25132, 41432, 66018,
99794, 147939, 293, 869, 932, 883, 994, 1511, 2535, 4717, 8699, 14449, 
24144, 38731, 62218, 97305, 145137), .Dim = c(15, 9), .Dimnames = list(
c("10 - 14", "15 - 19", "20 - 24", "25 - 29", "30 - 34", "35 - 39", 
"40 - 44", "45 - 49", "50 - 54", "55 - 59", "60 - 64", "65 - 69", 
"70 - 74", "75 - 79", "80 - 84"), c("1936 - 1940", "1941 - 1945", 
"1946 - 1950", "1951 - 1955", "1956 - 1960", "1961 - 1965", 
"1966 - 1970", "1971 - 1975", "1976 - 1980")))
