gmortDK <-
structure(list(agr = c(0, 5, 10, 15, 20, 25, 30, 35, 40, 45, 
50, 55, 60, 65, 70, 75, 80, 85, 90, 0, 5, 10, 15, 20, 25, 30, 
35, 40, 45, 50, 55, 60, 65, 70, 75, 80, 85, 90, 0, 5, 10, 15, 
20, 25, 30, 35, 40, 45, 50, 55, 60, 65, 70, 75, 80, 85, 90, 0, 
5, 10, 15, 20, 25, 30, 35, 40, 45, 50, 55, 60, 65, 70, 75, 80, 
85, 90, 0, 5, 10, 15, 20, 25, 30, 35, 40, 45, 50, 55, 60, 65, 
70, 75, 80, 85, 90, 0, 5, 10, 15, 20, 25, 30, 35, 40, 45, 50, 
55, 60, 65, 70, 75, 80, 85, 90, 0, 5, 10, 15, 20, 25, 30, 35, 
40, 45, 50, 55, 60, 65, 70, 75, 80, 85, 90, 0, 5, 10, 15, 20, 
25, 30, 35, 40, 45, 50, 55, 60, 65, 70, 75, 80, 85, 90, 0, 5, 
10, 15, 20, 25, 30, 35, 40, 45, 50, 55, 60, 65, 70, 75, 80, 85, 
90, 0, 5, 10, 15, 20, 25, 30, 35, 40, 45, 50, 55, 60, 65, 70, 
75, 80, 85, 90, 0, 5, 10, 15, 20, 25, 30, 35, 40, 45, 50, 55, 
60, 65, 70, 75, 80, 85, 90, 0, 5, 10, 15, 20, 25, 30, 35, 40, 
45, 50, 55, 60, 65, 70, 75, 80, 85, 90, 0, 5, 10, 15, 20, 25, 
30, 35, 40, 45, 50, 55, 60, 65, 70, 75, 80, 85, 90, 0, 5, 10, 
15, 20, 25, 30, 35, 40, 45, 50, 55, 60, 65, 70, 75, 80, 85, 90, 
0, 5, 10, 15, 20, 25, 30, 35, 40, 45, 50, 55, 60, 65, 70, 75, 
80, 85, 90, 0, 5, 10, 15, 20, 25, 30, 35, 40, 45, 50, 55, 60, 
65, 70, 75, 80, 85, 90, 0, 5, 10, 15, 20, 25, 30, 35, 40, 45, 
50, 55, 60, 65, 70, 75, 80, 85, 90, 0, 5, 10, 15, 20, 25, 30, 
35, 40, 45, 50, 55, 60, 65, 70, 75, 80, 85, 90, 0, 5, 10, 15, 
20, 25, 30, 35, 40, 45, 50, 55, 60, 65, 70, 75, 80, 85, 90, 0, 
5, 10, 15, 20, 25, 30, 35, 40, 45, 50, 55, 60, 65, 70, 75, 80, 
85, 90, 0, 5, 10, 15, 20, 25, 30, 35, 40, 45, 50, 55, 60, 65, 
70, 75, 80, 85, 90, 0, 5, 10, 15, 20, 25, 30, 35, 40, 45, 50, 
55, 60, 65, 70, 75, 80, 85, 90), per = c(38, 38, 38, 38, 38, 
38, 38, 38, 38, 38, 38, 38, 38, 38, 38, 38, 38, 38, 38, 43, 43, 
43, 43, 43, 43, 43, 43, 43, 43, 43, 43, 43, 43, 43, 43, 43, 43, 
43, 48, 48, 48, 48, 48, 48, 48, 48, 48, 48, 48, 48, 48, 48, 48, 
48, 48, 48, 48, 53, 53, 53, 53, 53, 53, 53, 53, 53, 53, 53, 53, 
53, 53, 53, 53, 53, 53, 53, 58, 58, 58, 58, 58, 58, 58, 58, 58, 
58, 58, 58, 58, 58, 58, 58, 58, 58, 58, 63, 63, 63, 63, 63, 63, 
63, 63, 63, 63, 63, 63, 63, 63, 63, 63, 63, 63, 63, 68, 68, 68, 
68, 68, 68, 68, 68, 68, 68, 68, 68, 68, 68, 68, 68, 68, 68, 68, 
73, 73, 73, 73, 73, 73, 73, 73, 73, 73, 73, 73, 73, 73, 73, 73, 
73, 73, 73, 78, 78, 78, 78, 78, 78, 78, 78, 78, 78, 78, 78, 78, 
78, 78, 78, 78, 78, 78, 83, 83, 83, 83, 83, 83, 83, 83, 83, 83, 
83, 83, 83, 83, 83, 83, 83, 83, 83, 88, 88, 88, 88, 88, 88, 88, 
88, 88, 88, 88, 88, 88, 88, 88, 88, 88, 88, 88, 38, 38, 38, 38, 
38, 38, 38, 38, 38, 38, 38, 38, 38, 38, 38, 38, 38, 38, 38, 43, 
43, 43, 43, 43, 43, 43, 43, 43, 43, 43, 43, 43, 43, 43, 43, 43, 
43, 43, 48, 48, 48, 48, 48, 48, 48, 48, 48, 48, 48, 48, 48, 48, 
48, 48, 48, 48, 48, 53, 53, 53, 53, 53, 53, 53, 53, 53, 53, 53, 
53, 53, 53, 53, 53, 53, 53, 53, 58, 58, 58, 58, 58, 58, 58, 58, 
58, 58, 58, 58, 58, 58, 58, 58, 58, 58, 58, 63, 63, 63, 63, 63, 
63, 63, 63, 63, 63, 63, 63, 63, 63, 63, 63, 63, 63, 63, 68, 68, 
68, 68, 68, 68, 68, 68, 68, 68, 68, 68, 68, 68, 68, 68, 68, 68, 
68, 73, 73, 73, 73, 73, 73, 73, 73, 73, 73, 73, 73, 73, 73, 73, 
73, 73, 73, 73, 78, 78, 78, 78, 78, 78, 78, 78, 78, 78, 78, 78, 
78, 78, 78, 78, 78, 78, 78, 83, 83, 83, 83, 83, 83, 83, 83, 83, 
83, 83, 83, 83, 83, 83, 83, 83, 83, 83, 88, 88, 88, 88, 88, 88, 
88, 88, 88, 88, 88, 88, 88, 88, 88, 88, 88, 88, 88), sex = c(1, 
1, 1, 1, 1, 1, 1, 1, 1, 1, 1, 1, 1, 1, 1, 1, 1, 1, 1, 1, 1, 1, 
1, 1, 1, 1, 1, 1, 1, 1, 1, 1, 1, 1, 1, 1, 1, 1, 1, 1, 1, 1, 1, 
1, 1, 1, 1, 1, 1, 1, 1, 1, 1, 1, 1, 1, 1, 1, 1, 1, 1, 1, 1, 1, 
1, 1, 1, 1, 1, 1, 1, 1, 1, 1, 1, 1, 1, 1, 1, 1, 1, 1, 1, 1, 1, 
1, 1, 1, 1, 1, 1, 1, 1, 1, 1, 1, 1, 1, 1, 1, 1, 1, 1, 1, 1, 1, 
1, 1, 1, 1, 1, 1, 1, 1, 1, 1, 1, 1, 1, 1, 1, 1, 1, 1, 1, 1, 1, 
1, 1, 1, 1, 1, 1, 1, 1, 1, 1, 1, 1, 1, 1, 1, 1, 1, 1, 1, 1, 1, 
1, 1, 1, 1, 1, 1, 1, 1, 1, 1, 1, 1, 1, 1, 1, 1, 1, 1, 1, 1, 1, 
1, 1, 1, 1, 1, 1, 1, 1, 1, 1, 1, 1, 1, 1, 1, 1, 1, 1, 1, 1, 1, 
1, 1, 1, 1, 1, 1, 1, 1, 1, 1, 1, 1, 1, 1, 1, 1, 1, 1, 1, 2, 2, 
2, 2, 2, 2, 2, 2, 2, 2, 2, 2, 2, 2, 2, 2, 2, 2, 2, 2, 2, 2, 2, 
2, 2, 2, 2, 2, 2, 2, 2, 2, 2, 2, 2, 2, 2, 2, 2, 2, 2, 2, 2, 2, 
2, 2, 2, 2, 2, 2, 2, 2, 2, 2, 2, 2, 2, 2, 2, 2, 2, 2, 2, 2, 2, 
2, 2, 2, 2, 2, 2, 2, 2, 2, 2, 2, 2, 2, 2, 2, 2, 2, 2, 2, 2, 2, 
2, 2, 2, 2, 2, 2, 2, 2, 2, 2, 2, 2, 2, 2, 2, 2, 2, 2, 2, 2, 2, 
2, 2, 2, 2, 2, 2, 2, 2, 2, 2, 2, 2, 2, 2, 2, 2, 2, 2, 2, 2, 2, 
2, 2, 2, 2, 2, 2, 2, 2, 2, 2, 2, 2, 2, 2, 2, 2, 2, 2, 2, 2, 2, 
2, 2, 2, 2, 2, 2, 2, 2, 2, 2, 2, 2, 2, 2, 2, 2, 2, 2, 2, 2, 2, 
2, 2, 2, 2, 2, 2, 2, 2, 2, 2, 2, 2, 2, 2, 2, 2, 2, 2, 2, 2, 2, 
2, 2, 2, 2, 2, 2, 2, 2, 2, 2, 2, 2, 2, 2, 2, 2, 2, 2),