hivDK <-
structure(list(id = c(101, 104, 105, 106, 107, 108, 109, 110, 
111, 112, 113, 114, 115, 116, 117, 118, 119, 120, 121, 122, 123, 
124, 125, 126, 127, 128, 129, 130, 131, 132, 133, 134, 135, 136, 
137, 138, 139, 140, 141, 142, 143, 144, 145, 146, 147, 148, 149, 
150, 151, 152, 154, 155, 156, 157, 158, 159, 160, 161, 162, 163, 
164, 165, 166, 167, 168, 169, 170, 171, 172, 173, 174, 175, 176, 
177, 178, 179, 180, 181, 182, 183, 184, 185, 186, 187, 188, 189, 
190, 191, 193, 194, 195, 197, 198, 199, 200, 203, 206, 254, 255, 
256, 301, 302, 303, 304, 305, 306, 307, 308, 309, 310, 311, 312, 
313, 314, 315, 316, 317, 318, 319, 320, 321, 322, 323, 324, 325, 
326, 328, 329, 330, 331, 333, 334, 336, 337, 338, 339, 340, 341, 
342, 343, 344, 345, 346, 347, 348, 349, 350, 351, 352, 353, 354, 
355, 356, 357, 358, 359, 360, 361, 362, 363, 364, 365, 366, 367, 
368, 369, 370, 371, 372, 373, 374, 375, 376, 377, 378, 379, 380, 
381, 382, 383, 384, 385, 386, 387, 388, 390, 391, 392, 393, 394, 
395, 396, 397, 398, 400, 401, 402, 403, 450, 451, 481, 482, 501, 
502, 503, 504, 505, 506, 507, 508, 509, 510, 511, 512, 513, 514, 
516, 517, 518, 519, 520, 521, 522, 523, 524, 525, 526, 527, 528, 
529, 530, 531, 532, 533, 534, 535, 536, 537, 538, 539, 540, 541, 
542, 543, 544, 546, 547, 549, 550, 551, 552, 553, 555, 556, 557, 
558, 559, 560, 561, 562, 563, 564, 565, 566, 567, 568, 569, 570, 
571, 572, 573, 574, 575, 576, 577, 578, 579, 580, 601, 604, 606, 
607, 608, 610, 612, 613, 615, 625, 626, 629, 637, 638, 640, 641, 
671, 698, 699), entry = structure(c(4017, 4017, 4017, 4017, 4017, 
4017, 4017, 4017, 4017, 4017, 4017, 4017, 4017, 4017, 4017, 4017, 
4017, 4017, 4017, 4017, 4017, 4017, 4017, 4017, 4017, 4017, 4017, 
4017, 4017, 4017, 4017, 4017, 4017, 4017, 4017, 4017, 4017, 4017, 
4017, 4017, 4017, 4017, 4017, 4017, 4017, 4017, 4017, 4017, 4017, 
4017, 4017, 4017, 4017, 4017, 4017, 4017, 4017, 4017, 4017, 4017, 
4017, 4017, 4017, 4017, 4017, 4017, 4017, 4017, 4017, 4017, 4017, 
4017, 4017, 4017, 4017, 4017, 4017, 4017, 4017, 4017, 4017, 4017, 
4017, 4017, 4017, 4017, 4017, 4017, 4017, 4017, 4017, 4017, 4017, 
4017, 4017, 4017, 4017, 4017, 4017, 4017, 4017, 4017, 4017, 4017, 
4017, 4017, 4017, 4017, 4017, 4017, 4017, 4017, 4017, 4017, 4017, 
4017, 4017, 4017, 4017, 4017, 4017, 4017, 4017, 4017, 4017, 4017, 
4017, 4017, 4017, 4017, 4017, 4017, 4017, 4017, 4017, 4017, 4017, 
4017, 4017, 4017, 4017, 4017, 4017, 4017, 4017, 4017, 4017, 4017, 
4017, 4017, 4017, 4017, 4017, 4017, 4017, 4017, 4017, 4017, 4017, 
4017, 4017, 4017, 4017, 4017, 4017, 4017, 4017, 4017, 4017, 4017, 
4017, 4017, 4017, 4017, 4017, 4017, 4017, 4017, 4017, 4017, 4017, 
4017, 4017, 4017, 4017, 4017, 4017, 4017, 4017, 4017, 4017, 4017, 
4017, 4017, 4017, 4017, 4017, 4017, 4017, 4017, 4017, 4017, 4017, 
4017, 4017, 4017, 4017, 4017, 4017, 4017, 4017, 4017, 4017, 4017, 
4017, 4017, 4017, 4017, 4017, 4017, 4017, 4017, 4017, 4017, 4017, 
4017, 4017, 4017, 4017, 4017, 4017, 4017, 4017, 4017, 4017, 4017, 
4017, 4017, 4017, 4017, 4017, 4017, 4017, 4017, 4017, 4017, 4017, 
4017, 4017, 4017, 4017, 4017, 4017, 4017, 4017, 4017, 4017, 4017, 
4017, 4017, 4017, 4017, 4017, 4017, 4017, 4017, 4017, 4017, 4017, 
4017, 4017, 4017, 4017, 4017, 4017, 4017, 4017, 4017, 4017, 4017, 
4017, 4017, 4017, 4017, 4017, 4017, 4017, 4017, 4017, 4017, 4017, 
4017, 4017, 4017, 4017, 4017, 4017), class = "Date"), well = structure(c(6282, 
7074, 4336, 7074, 4336, 6282, 5340, 6282, 5340, 4336, 4336, 5340, 
4336, NA, 4336, 7074, 4336, 6282, 7074, 4456, 7074, 7074, 7074, 
6282, 7074, 6282, 5340, 5340, 4336, 5340, 5340, 4336, 7074, 7074, 
5340, 7074, 5340, 4336, NA, 4336, 4336, 7074, 7074, 4336, 5340, 
5340, 7074, 4336, 4336, 7074, 4336, 4336, 5340, 4336, 4336, 4821, 
6282, 4336, 4336, 7074, 4336, 7074, 4336, 5340, 4336, 4336, 7074, 
7074, 4336, 5340, 7074, NA, 7074, 4456, NA, 4336, 4336, NA, 4336, 
7074, 4336, 4336, NA, 4336, 4336, 5340, 5340, 5340, 7074, 5340, 
7074, 5340, NA, NA, 4456, 4821, 4456, 4821, 4821, 4821, 7074, 
7074, 7074, NA, NA, 4336, 6282, 4821, 4821, 4336, 4336, 7074, 
4336, 7074, 4336, 7074, 7074, 6282, 6282, 7074, NA, 6282, NA, 
NA, 6282, 7074, 7074, 4336, 4336, 7074, 7074, 6282, 5340, 7074, 
7074, 4336, 7074, 7074, 4821, 7074, 7074, 7074, 4336, 4336, 6282, 
6282, 4336, 4336, 7074, 4336, 7074, 7074, 7074, NA, 7074, 4336, 
4336, 4336, 7074, 7074, 7074, NA, 4336, 6282, 4336, 4336, 6282, 
4336, 4336, 7074, NA, NA, 4336, NA, 4336, 7074, 4456, 4336, 4336, 
4336, 5340, 4336, 7074, 4336, 7074, NA, 7074, 6282, 4336, 7074, 
6282, 7074, 4336, 6282, 7074, 4456, 4456, 4456, 4821, 4821, 7074, 
7074, 7074, 5340, 4336, 4456, NA, 7074, 6282, 6282, 7074, NA, 
NA, 5340, 4456, 4336, 7074, 7074, 4336, NA, 7074, 4456, 7074, 
6282, 7074, 4336, 4336, 7074, NA, 6282, 7074, 7074, 6282, 5340, 
4336, 4336, 7074, 7074, 7074, 4336, 4336, 4821, 4336, 7074, 4456, 
6282, 6282, 4336, 7074, 7074, 6282, 4456, 4336, 6282, 4336, 6282, 
7074, 4336, 4821, 6282, 7074, 7074, 7074, 5340, 4336, 4336, 4336, 
6282, 7074, 7074, 4336, 7074, 6282, 4336, 4336, 6282, 7074, 7074, 
4821, 4821, 4821, NA, 4821, NA, 4821, 4821, 4821, 4821, 7074, 
5340, 5340, 5340, 7074, 7074, 6282, 7074, 7074), class = "Date"), 
    ill = structure(c(NA, NA, NA, NA, 6282, NA, NA, NA, NA, NA, 
    4456, NA, NA, 4336, NA, NA, NA, NA, NA, 4821, NA, NA, NA, 
    NA, NA, NA, NA, NA, NA, NA, NA, NA, NA, NA, NA, NA, NA, NA, 
    4336, NA, NA, NA, NA, NA, 6282, 6282, NA, NA, 6282, NA, NA, 
    7074, 6282, NA, NA, 7074, NA, NA, NA, NA, NA, NA, 5340, NA, 
    NA, NA, NA, NA, NA, NA, NA, 4336, NA, NA, 4336, NA, NA, 4336, 
    NA, NA, NA, 5340, 4336, NA, NA, NA, NA, NA, NA, NA, NA, 7074, 
    4336, 4336, NA, NA, NA, NA, NA, NA, NA, NA, NA, 4336, 4336, 
    4456, NA, NA, 5340, NA, NA, NA, NA, NA, 7074, NA, NA, NA, 
    NA, NA, 4336, NA, 4336, 4336, NA, NA, NA, NA, NA, NA, NA, 
    NA, NA, NA, NA, NA, NA, NA, 5340, NA, NA, NA, NA, NA, 7074, 
    NA, NA, NA, NA, 5340, NA, NA, NA, 4336, NA, NA, NA, NA, NA, 
    NA, NA, 4336, NA, NA, 5340, NA, NA, NA, 5340, NA, 4336, 4336, 
    NA, 4336, NA, NA, 4821, NA, NA, NA, 6282, 7074, NA, NA, NA, 
    4336, NA, NA, NA, NA, NA, NA, 6282, NA, NA, NA, NA, NA, NA, 
    NA, NA, NA, NA, 6282, 4821, 6282, 4336, NA, NA, NA, NA, 4336, 
    4336, NA, NA, 5340, NA, NA, NA, 4336, NA, 4821, NA, NA, NA, 
    NA, NA, NA, 4336, NA, NA, NA, NA, NA, NA, 5340, NA, NA, NA, 
    4456, NA, 5340, 5340, NA, 4821, NA, NA, NA, NA, NA, NA, NA, 
    5340, NA, 5340, NA, NA, NA, NA, NA, NA, NA, NA, NA, NA, NA, 
    4456, NA, NA, NA, NA, NA, NA, 7074, NA, NA, NA, NA, NA, NA, 
    NA, 4821, 7074, 4821, NA, NA, NA, NA, NA, NA, NA, NA, NA, 
    NA, NA, NA, NA), class = "Date"), bth = c(0, 9, 8, -5, -2, 
    -9, -8, -3, -3, 8, 9, 14, 12, 0, 9, 6, 7, -8, -8, 6, -15, 
    8, 1, 8, 2, 3, 1, 6, 0, 10, 4, 5, 3, 6, -11, 0, 0, -4, -10, 
    4, -8, 5, 5, 4, 2, -9, -22, -18, 8, 1, 11, -7, -5, 6, 4, 
    5, 0, 5, 0, -4, 4, 2, 1, 12, -1, 7, 8, -10, 8, -15, 0, 7, 
    6, 10, 9, 7, 7, 10, 5, 3, 7, 0, -3, 10, 11, 0, 6, 0, 0, 4, 
    0, 0, -20, -6, 0, 0, 0, 0, 0, 0, -5, -8, -15, 10, -4, 3, 
    -7, 1, -16, 2, 9, 8, -18, -10, -6, -26, -8, 2, -4, -8, 2, 
    -2, 7, -5, 0, -6, -7, 2, -10, -1, -5, 1, -15, -9, 0, 4, -13, 
    -23, -2, 0, 1, 3, 1, 0, -19, -8, 1, -3, -5, -1, -8, -4, 3, 
    6, -7, 8, 3, -17, -18, 5, 2, -14, -7, -1, 6, -19, -2, 2, 
    2, 6, 7, 3, 3, -6, 1, -11, 8, 8, -5, 2, -1, 4, -11, -22, 
    -32, 6, -11, 9, 5, 0, 5, -13, -6, -42, -1, 0, 0, 0, 0, 0, 
    0, 0, -1, 0, 6, -8, -4, -4, -2, -11, 6, 7, 0, 7, -20, -17, 
    0, 5, -2, -1, -6, -9, 6, -15, -3, 5, 5, 3, 0, -22, -15, 0, 
    3, -1, -4, -2, 1, -11, -2, 7, -2, -8, 5, 9, -5, 0, 3, 8, 
    -6, 9, 3, 4, 10, 4, -7, 5, 2, 3, 1, 0, -3, 6, -2, -4, -4, 
    3, -4, -1, -5, 0, 4, 4, -4, 13, 6, 7, 0, 0, 0, 0, 0, 0, 0, 
    0, 0, 0, 0, 0, 0, 0, 0, 0, 0, 0, 0, 0, 0),