lungDK <-
structure(list(A5 = c(40, 40, 40, 40, 40, 40, 40, 40, 40, 40, 
40, 40, 40, 40, 40, 40, 40, 40, 40, 40, 40, 40, 45, 45, 45, 45, 
45, 45, 45, 45, 45, 45, 45, 45, 45, 45, 45, 45, 45, 45, 45, 45, 
45, 45, 50, 50, 50, 50, 50, 50, 50, 50, 50, 50, 50, 50, 50, 50, 
50, 50, 50, 50, 50, 50, 50, 50, 55, 55, 55, 55, 55, 55, 55, 55, 
55, 55, 55, 55, 55, 55, 55, 55, 55, 55, 55, 55, 55, 55, 60, 60, 
60, 60, 60, 60, 60, 60, 60, 60, 60, 60, 60, 60, 60, 60, 60, 60, 
60, 60, 60, 60, 65, 65, 65, 65, 65, 65, 65, 65, 65, 65, 65, 65, 
65, 65, 65, 65, 65, 65, 65, 65, 65, 65, 70, 70, 70, 70, 70, 70, 
70, 70, 70, 70, 70, 70, 70, 70, 70, 70, 70, 70, 70, 70, 70, 70, 
75, 75, 75, 75, 75, 75, 75, 75, 75, 75, 75, 75, 75, 75, 75, 75, 
75, 75, 75, 75, 75, 75, 80, 80, 80, 80, 80, 80, 80, 80, 80, 80, 
80, 80, 80, 80, 80, 80, 80, 80, 80, 80, 80, 80, 85, 85, 85, 85, 
85, 85, 85, 85, 85, 85, 85, 85, 85, 85, 85, 85, 85, 85, 85, 85, 
85, 85), P5 = c(1943, 1943, 1948, 1948, 1953, 1953, 1958, 1958, 
1963, 1963, 1968, 1968, 1973, 1973, 1978, 1978, 1983, 1983, 1988, 
1988, 1993, 1993, 1943, 1943, 1948, 1948, 1953, 1953, 1958, 1958, 
1963, 1963, 1968, 1968, 1973, 1973, 1978, 1978, 1983, 1983, 1988, 
1988, 1993, 1993, 1943, 1943, 1948, 1948, 1953, 1953, 1958, 1958, 
1963, 1963, 1968, 1968, 1973, 1973, 1978, 1978, 1983, 1983, 1988, 
1988, 1993, 1993, 1943, 1943, 1948, 1948, 1953, 1953, 1958, 1958, 
1963, 1963, 1968, 1968, 1973, 1973, 1978, 1978, 1983, 1983, 1988, 
1988, 1993, 1993, 1943, 1943, 1948, 1948, 1953, 1953, 1958, 1958, 
1963, 1963, 1968, 1968, 1973, 1973, 1978, 1978, 1983, 1983, 1988, 
1988, 1993, 1993, 1943, 1943, 1948, 1948, 1953, 1953, 1958, 1958, 
1963, 1963, 1968, 1968, 1973, 1973, 1978, 1978, 1983, 1983, 1988, 
1988, 1993, 1993, 1943, 1943, 1948, 1948, 1953, 1953, 1958, 1958, 
1963, 1963, 1968, 1968, 1973, 1973, 1978, 1978, 1983, 1983, 1988, 
1988, 1993, 1993, 1943, 1943, 1948, 1948, 1953, 1953, 1958, 1958, 
1963, 1963, 1968, 1968, 1973, 1973, 1978, 1978, 1983, 1983, 1988, 
1988, 1993, 1993, 1943, 1943, 1948, 1948, 1953, 1953, 1958, 1958, 
1963, 1963, 1968, 1968, 1973, 1973, 1978, 1978, 1983, 1983, 1988, 
1988, 1993, 1993, 1943, 1943, 1948, 1948, 1953, 1953, 1958, 1958, 
1963, 1963, 1968, 1968, 1973, 1973, 1978, 1978, 1983, 1983, 1988, 
1988, 1993, 1993), C5 = c(1898, 1903, 1903, 1908, 1908, 1913, 
1913, 1918, 1918, 1923, 1923, 1928, 1928, 1933, 1933, 1938, 1938, 
1943, 1943, 1948, 1948, 1953, 1893, 1898, 1898, 1903, 1903, 1908, 
1908, 1913, 1913, 1918, 1918, 1923, 1923, 1928, 1928, 1933, 1933, 
1938, 1938, 1943, 1943, 1948, 1888, 1893, 1893, 1898, 1898, 1903, 
1903, 1908, 1908, 1913, 1913, 1918, 1918, 1923, 1923, 1928, 1928, 
1933, 1933, 1938, 1938, 1943, 1883, 1888, 1888, 1893, 1893, 1898, 
1898, 1903, 1903, 1908, 1908, 1913, 1913, 1918, 1918, 1923, 1923, 
1928, 1928, 1933, 1933, 1938, 1878, 1883, 1883, 1888, 1888, 1893, 
1893, 1898, 1898, 1903, 1903, 1908, 1908, 1913, 1913, 1918, 1918, 
1923, 1923, 1928, 1928, 1933, 1873, 1878, 1878, 1883, 1883, 1888, 
1888, 1893, 1893, 1898, 1898, 1903, 1903, 1908, 1908, 1913, 1913, 
1918, 1918, 1923, 1923, 1928, 1868, 1873, 1873, 1878, 1878, 1883, 
1883, 1888, 1888, 1893, 1893, 1898, 1898, 1903, 1903, 1908, 1908, 
1913, 1913, 1918, 1918, 1923, 1863, 1868, 1868, 1873, 1873, 1878, 
1878, 1883, 1883, 1888, 1888, 1893, 1893, 1898, 1898, 1903, 1903, 
1908, 1908, 1913, 1913, 1918, 1858, 1863, 1863, 1868, 1868, 1873, 
1873, 1878, 1878, 1883, 1883, 1888, 1888, 1893, 1893, 1898, 1898, 
1903, 1903, 1908, 1908, 1913, 1853, 1858, 1858, 1863, 1863, 1868, 
1868, 1873, 1873, 1878, 1878, 1883, 1883, 1888, 1888, 1893, 1893, 
1898, 1898, 1903, 1903, 1908), up = c(1, 0, 1, 0, 1, 0, 1, 0, 
1, 0, 1, 0, 1, 0, 1, 0, 1, 0, 1, 0, 1, 0, 1, 0, 1, 0, 1, 0, 1, 
0, 1, 0, 1, 0, 1, 0, 1, 0, 1, 0, 1, 0, 1, 0, 1, 0, 1, 0, 1, 0, 
1, 0, 1, 0, 1, 0, 1, 0, 1, 0, 1, 0, 1, 0, 1, 0, 1, 0, 1, 0, 1, 
0, 1, 0, 1, 0, 1, 0, 1, 0, 1, 0, 1, 0, 1, 0, 1, 0, 1, 0, 1, 0, 
1, 0, 1, 0, 1, 0, 1, 0, 1, 0, 1, 0, 1, 0, 1, 0, 1, 0, 1, 0, 1, 
0, 1, 0, 1, 0, 1, 0, 1, 0, 1, 0, 1, 0, 1, 0, 1, 0, 1, 0, 1, 0, 
1, 0, 1, 0, 1, 0, 1, 0, 1, 0, 1, 0, 1, 0, 1, 0, 1, 0, 1, 0, 1, 
0, 1, 0, 1, 0, 1, 0, 1, 0, 1, 0, 1, 0, 1, 0, 1, 0, 1, 0, 1, 0, 
1, 0, 1, 0, 1, 0, 1, 0, 1, 0, 1, 0, 1, 0, 1, 0, 1, 0, 1, 0, 1, 
0, 1, 0, 1, 0, 1, 0, 1, 0, 1, 0, 1, 0, 1, 0, 1, 0, 1, 0, 1, 0, 
1, 0),