occup <-
structure(list(AoE = c(51, 48, 47, 51, 48.5, 41, 44, 40, 40, 
47, 42, 40, 41), DoE = c(1941, 1940, 1942, 1948, 1946.9, 1940, 
1944, 1941, 1943, 1951, 1947, 1947, 1951), DoX = c(1944, 1947, 
1948, 1951.4, 1951.8, 1947.2, 1949.5, 1950.5, 1947.5, 1958.1, 
1954, 1960, 1958.7), Xst = structure(c(1L, 3L, 1L, 1L, 2L, 2L, 
2L, 1L, 1L, 1L, 1L, 3L, 2L), .Label = c("D", "W", "X"), class = "factor")), .Names = c("AoE", 
"DoE", "DoX", "Xst"), class = "data.frame", row.names = c(NA, 
-13L))
