S.typh <-
structure(list(id = c(1, 2, 3, 4, 5, 6, 7, 8, 9, 10, 11, 12, 
13, 14, 15, 19, 20, 21, 22, 23, 24, 25, 26, 31, 32, 33, 34, 35, 
37, 38, 40, 42, 43, 44, 45, 46, 48, 52, 53, 54, 61, 62, 63, 64, 
65, 67, 68, 69, 70, 71, 72, 75, 78, 79, 80, 81, 82, 83, 84, 85, 
86, 87, 88, 89, 90, 92, 93, 95, 96, 98, 99, 100, 101, 102, 103, 
104, 108, 109, 110, 111, 112, 114, 116, 117, 118, 119, 122, 123, 
124, 125, 126, 127, 131, 132, 133, 134, 136, 137, 138, 139, 140, 
142, 143, 144, 145, 146, 147, 148, 150, 151, 152, 157, 158, 159, 
160, 162, 164, 166, 167, 169, 173, 174, 176, 177, 178, 182, 183, 
188, 192, 193, 194, 195, 196, 203, 204, 205), set = c(1, 1, 1, 
2, 2, 2, 3, 3, 3, 4, 4, 4, 5, 5, 5, 7, 7, 7, 8, 8, 8, 9, 9, 11, 
11, 11, 12, 12, 13, 13, 14, 14, 15, 15, 15, 16, 16, 18, 18, 18, 
21, 21, 21, 22, 22, 23, 23, 23, 24, 24, 24, 25, 26, 26, 26, 27, 
27, 27, 28, 28, 28, 29, 29, 29, 30, 30, 31, 31, 32, 32, 33, 33, 
33, 34, 34, 34, 36, 36, 36, 37, 37, 38, 38, 9, 25, 13, 39, 39, 
39, 40, 40, 40, 42, 42, 42, 43, 43, 44, 44, 44, 12, 37, 38, 14, 
45, 45, 45, 46, 46, 47, 47, 22, 25, 31, 47, 30, 49, 49, 50, 50, 
52, 52, 53, 53, 53, 55, 55, 52, 58, 58, 58, 59, 59, 49, 59, 50
), case = c(1, 0, 0, 1, 0, 0, 1, 0, 0, 1, 0, 0, 1, 0, 0, 1, 0, 
0, 1, 0, 0, 1, 0, 1, 0, 0, 1, 0, 1, 0, 1, 0, 1, 0, 0, 1, 0, 1, 
0, 0, 1, 0, 0, 1, 0, 1, 0, 0, 1, 0, 0, 1, 1, 0, 0, 1, 0, 0, 1, 
0, 0, 1, 0, 0, 1, 0, 1, 0, 1, 0, 1, 0, 0, 1, 0, 0, 1, 0, 0, 1, 
0, 1, 0, 0, 0, 0, 1, 0, 0, 1, 0, 0, 1, 0, 0, 1, 0, 1, 0, 0, 0, 
0, 0, 0, 1, 0, 0, 1, 0, 1, 0, 0, 0, 0, 0, 0, 1, 0, 1, 0, 1, 0, 
1, 0, 0, 1, 0, 0, 1, 0, 0, 1, 0, 0, 0, 0), age = c(52, 52, 52, 
41, 41, 41, 9, 9, 9, 16, 16, 16, 41, 42, 42, NA, 18, 18, 58, 
58, 58, 34, 34, 16, 16, 16, 50, 50, 15, 15, 7, 7, 40, 40, 40, 
33, 33, 1, 1, 1, 6, NA, 16, 16, 16, NA, NA, NA, 9, 9, 9, 22, 
21, NA, 21, NA, NA, NA, 64, 64, 64, 32, 32, 32, 15, 15, NA, NA, 
29, 29, 18, 18, 18, 41, 41, 41, NA, NA, NA, 4, NA, 2, 2, 34, 
22, 15, 35, 35, 35, 3, 3, 3, 21, NA, NA, 2, 2, 16, 16, 16, 50, 
NA, NA, 7, 15, 15, 15, 15, 15, 3, 3, 16, 22, 31, 3, 15, 62, 62, 
15, 15, 34, 34, 42, 42, 42, 39, 39, 34, 16, 16, 16, 4, 4, 62, 
4, 15), sex = c(1, 1, 1, 1, 1, 1, 1, 1, 1, 1, 1, 1, 1, 1, 1, 
2, 2, 2, 2, 2, 2, 1, 1, 2, 2, 2, 1, 1, 2, 2, 1, 1, 2, 2, 2, 2, 
2, 1, 1, 1, 2, 2, 2, 1, 1, 1, 1, 1, 1, 1, 1, 1, 2, 2, 2, 1, 1, 
1, 1, 1, 1, 2, 2, 2, 1, 1, 1, 1, 2, 2, 2, 2, 2, 2, 2, 2, 2, 2, 
2, 1, 1, 1, 1, 1, 1, 2, 1, 1, 1, 1, 1, 1, 2, 2, 2, 2, 2, 2, 2, 
2, 1, 1, 1, 1, 2, 2, 2, 1, 1, 2, 2, 1, 1, 1, 2, 1, 1, 1, 1, 1, 
2, 2, 2, 2, 2, 2, 2, 2, 2, 2, 2, 1, 1, 1, 1, 1), abroad = c(0, 
0, 0, 0, 0, 0, 0, 0, 0, 0, 0, 0, 0, 0, 0, 0, 0, 0, 0, 0, 0, 0, 
0, 0, 0, 0, 0, 0, 0, 0, 0, 0, 0, 0, 0, 0, 0, 0, 0, 0, 0, 0, 0, 
0, 0, 1, 0, 0, 0, 0, 0, 0, 0, 0, 0, 0, 0, 0, 0, 0, 0, 0, 0, 0, 
1, 0, 0, 0, 0, 0, 0, 0, 0, 0, 0, 0, 0, 0, 0, 0, 0, 0, 0, 0, 0, 
0, 0, 0, 0, 0, 0, 0, 0, 0, 0, 0, 0, 0, 0, 0, 0, 0, 0, 0, 0, 0, 
0, 0, 0, 0, 0, 0, 0, 0, 0, 0, 1, 0, 0, 0, 0, 0, 0, 0, 0, 0, 0, 
0, 0, 0, 0, 0, 0, 0, 0, 0), beef = c(1, 1, 1, 1, 1, 1, 0, 1, 
NA, 1, 0, 1, 1, 1, 1, 1, 1, 1, 1, 0, 1, NA, 1, 1, 1, 1, 0, 0, 
0, 1, 0, 1, 0, 1, 0, 0, 0, 1, 1, 0, 1, 1, 1, 0, 1, 0, 1, 0, 1, 
1, 1, 1, 1, 1, 0, NA, 1, 1, 0, 0, 1, 1, 0, 0, 0, 1, 1, 1, 0, 
0, 1, 1, 1, 0, 1, 1, 1, 0, 0, 0, 1, 0, 0, 1, 1, 0, 1, 1, 0, 1, 
1, 1, 1, 1, 1, 1, 0, 1, 1, 0, 1, 0, 1, 1, 1, 1, 1, 1, NA, 1, 
1, 0, 1, 1, 1, 1, 0, 0, 1, 1, 1, 1, 1, 1, 1, NA, 1, 0, 1, 0, 
1, NA, 0, 1, 0, 0), pork = c(1, 0, 1, NA, 1, 1, 0, 1, 0, 0, 1, 
1, 1, 1, 1, 1, 1, 1, 1, 1, 0, 1, 0, 1, 1, 1, 0, 1, 1, 0, 0, 1, 
1, 0, 1, 1, 0, 0, 0, 1, NA, 0, 1, 1, 1, 1, 1, 1, 1, 1, 1, 1, 
NA, 0, 0, 1, 1, 1, 1, 1, 1, 1, 0, 1, 1, 1, 1, 0, 1, 1, 1, 0, 
1, 1, 1, 1, 1, 1, 1, 0, 1, 1, 1, 1, 1, 1, 1, 1, 1, 1, 1, 0, 1, 
0, 1, 1, 1, 0, 1, 1, 1, 1, 1, 1, NA, 1, 1, 1, 1, 0, 1, 1, 0, 
1, 0, 1, 1, 1, 1, 1, 1, 0, 1, NA, 0, 1, 1, 0, NA, 0, 1, NA, 1, 
0, 1, 1), veal = c(1, 0, 0, NA, 0, 0, 0, 0, 0, 0, 0, 0, 0, 0, 
0, 0, 0, 0, 0, 0, 0, NA, 0, NA, 0, 0, 0, 0, 1, 0, 0, 0, 0, 0, 
0, 0, 0, 0, 0, 0, 0, 0, 0, 0, 0, 0, 0, 0, 0, 0, 0, 0, 0, 0, 0, 
0, 0, 0, 0, 0, 0, 0, 0, 0, 0, 0, 1, 0, 0, 0, 0, 0, 0, 0, 0, 0, 
0, 0, 0, 0, 0, 0, 0, 0, 0, 1, 0, 0, 0, 0, 0, 0, 0, 0, 0, 1, 1, 
0, 0, 0, 0, 0, 0, 0, 0, 0, 0, 0, 0, 0, 0, 0, 0, 0, 0, 0, 0, 0, 
0, 0, 0, 0, 1, 0, 0, NA, 0, 0, 0, 0, 0, NA, 0, 0, 0, 0), poultry = c(1, 
0, 1, NA, 0, 0, 0, 1, 0, 0, 0, 0, 0, 0, 0, 1, 0, 1, 0, 1, 0, 
1, 0, NA, 0, 1, 1, 0, 0, 1, 0, 0, 0, 1, 0, 0, 1, 1, 0, 0, 0, 
0, 1, 1, 0, 0, 0, 1, 0, 0, 0, NA, 1, 1, 1, NA, 0, 0, 0, 1, 1, 
0, 1, 0, 1, 0, 1, 1, 0, 0, 1, 0, 0, 0, 0, 1, NA, 0, 0, 0, 1, 
0, 0, 0, 0, 0, 0, 1, 0, 1, 0, 0, 0, 0, 1, 0, 0, 1, 0, 0, 0, 0, 
0, 0, NA, 0, 0, 0, 0, 1, 0, 0, 1, 0, 1, 0, 0, 1, 0, 1, 1, 0, 
0, 0, 0, NA, 0, 1, 0, 1, 0, 0, 0, 0, 0, 1), liverp = c(1, 1, 
1, 1, 1, 1, 1, 1, 1, 1, 1, 1, 1, 1, 1, 1, 1, 1, 1, 1, 1, 1, 1, 
1, 1, 1, 0, 1, 1, 1, 1, 1, 0, 1, 1, 1, 1, 1, 1, NA, 1, 1, 1, 
1, 1, 1, 1, 0, 1, 1, 1, 1, 1, 1, 1, 1, 1, 1, 1, 1, 1, 1, 1, 1, 
1, 1, 1, 1, 1, 1, 1, 1, 1, 1, 1, 1, 1, 1, 1, 0, 1, 1, 1, 1, 1, 
1, 1, 1, 1, 1, 1, 1, 1, 1, 1, 1, 1, 1, 1, 1, 1, 1, 1, 1, 1, 1, 
1, 1, 1, 1, 1, 1, 1, 1, 1, 1, 1, 1, 1, 1, 1, 1, 1, 1, 1, NA, 
1, 1, 1, 1, 1, 1, 1, 1, 1, 1), veg = c(0, 1, 1, 1, 1, 1, 0, 1, 
NA, 1, 1, 1, NA, 1, 1, 1, 1, 1, 1, 1, 1, 1, 1, 1, 1, 1, 1, 1, 
1, 1, 1, 1, 0, 1, 1, 1, 1, 1, 1, 1, 1, 1, 1, 1, 1, 1, 1, 1, 1, 
1, 1, 1, 1, 0, 1, 1, 1, 1, 1, 1, 1, 1, 1, 1, 1, 1, 1, 1, 1, 1, 
1, 1, 1, 1, 1, 1, 1, 1, 1, 1, 1, 0, NA, 1, 1, 1, 0, 1, 1, 1, 
1, 1, 1, 1, 0, 1, 1, 1, 1, 1, 1, 1, 1, 0, 1, 1, 1, 1, 1, 1, 1, 
1, 1, 1, 1, 1, 1, 1, 1, 1, 1, 1, 1, 1, 1, NA, 1, 1, 1, 1, 1, 
1, 0, 1, 0, 1), fruit = c(1, 1, 1, NA, 0, 1, 1, 1, 1, 0, 1, 1, 
0, 1, 1, 0, 0, 1, 1, 0, 1, 1, 1, NA, 1, 1, 0, 1, 1, 1, 1, 1, 
0, 1, 1, 0, 1, 1, 1, 1, 1, 1, 1, 1, 1, 1, 1, 1, 1, 1, 1, 1, 1, 
0, 1, 1, 1, 1, 0, 1, 1, 0, 1, 0, 1, 1, 0, 1, 1, 1, 1, 1, 1, 1, 
1, 1, 1, 1, 1, 1, 1, 1, NA, 1, 1, 1, 0, 1, 1, 1, 1, 1, 1, 1, 
1, 1, 1, 1, 1, 0, 1, 1, 1, 1, 1, 1, 1, 0, 0, 1, 1, 1, 1, 1, 1, 
1, 1, 1, 1, 1, 1, 1, 0, 1, 1, NA, 1, 1, 1, 1, 1, 1, 1, 1, 1, 
1), egg = c(1, 0, 1, NA, 1, 1, NA, 0, 1, NA, 1, 1, 1, 1, 0, 1, 
0, 1, 0, 1, 1, 1, 1, 1, 1, 1, 0, 1, 0, 0, 0, 1, 0, 0, NA, 1, 
1, 1, 1, 1, 1, 1, 1, 1, 1, 1, 1, 1, 1, 1, 1, 1, 1, 0, 0, NA, 
1, 1, 1, 1, 1, 1, 0, 1, 1, NA, 1, 1, 1, 1, 0, 0, 1, 1, 1, 1, 
NA, 0, 1, 0, 1, 1, 1, 0, 1, 1, 1, 1, 1, 1, 1, 1, NA, 1, 0, 1, 
1, 1, 1, 1, 1, 0, 1, 1, 1, 0, 1, 1, 1, 0, 1, 1, 1, 1, 1, 1, 1, 
0, 1, 1, 1, 1, 0, 0, 0, NA, 1, 1, 1, 1, 1, 1, 0, 1, 0, 1), plant7 = c(1, 
0, 0, NA, 1, 1, 0, 1, 0, 1, 0, 0, 1, 1, 0, 1, 1, NA, 1, 0, 1, 
0, 1, 1, 0, 0, NA, 0, 1, 0, 1, 0, 1, 0, NA, 0, 0, 0, 0, 0, 0, 
0, 0, 1, 1, 1, 1, 0, 1, 0, 1, 0, 1, 0, 0, NA, 0, 0, 0, 0, 0, 
NA, 0, 0, 1, 0, 1, 0, 1, 1, 1, 1, 1, NA, NA, 0, 1, 1, 1, 0, 0, 
0, 1, 1, 1, 0, 1, 0, 0, 0, 0, 1, NA, 0, 0, 1, NA, 1, 1, 1, 0, 
0, 0, 1, 1, 1, 0, 1, NA, 1, 0, 1, 0, 0, 1, 1, 1, 1, 1, 0, 1, 
1, 1, 1, 1, NA, 1, 0, 1, 0, 1, NA, 0, 1, 0, 0)), .Names = c("id", 
"set", "case", "age", "sex", "abroad", "beef", "pork", "veal", 
"poultry", "liverp", "veg", "fruit", "egg", "plant7"),